name, fvc, invalidation_parameter, nodecount, diffsz, threshold, rate
orig:1, 0, 1, 1279, 1023, 10, 422.804798
inc:1, 0, 1, 1279, 1023, 10, 206.927633
orig:1, 0, 1, 1279, 1023, 20, 438.858668
inc:1, 0, 1, 1279, 1023, 20, 221.898184
orig:1, 0, 1, 1279, 1023, 30, 442.294399
inc:1, 0, 1, 1279, 1023, 30, 215.599031
orig:1, 0, 1, 1279, 1023, 40, 441.476791
inc:1, 0, 1, 1279, 1023, 40, 215.585024
orig:1, 0, 1, 1279, 1023, 50, 439.395957
inc:1, 0, 1, 1279, 1023, 50, 221.851226
orig:1, 0, 1, 1279, 1023, 60, 433.955490
inc:1, 0, 1, 1279, 1023, 60, 222.589857
orig:1, 0, 1, 1279, 1023, 70, 430.423290
inc:1, 0, 1, 1279, 1023, 70, 221.816246
orig:1, 0, 1, 1279, 1023, 80, 435.050059
inc:1, 0, 1, 1279, 1023, 80, 208.659914
orig:1, 0, 1, 1279, 1023, 90, 428.856504
inc:1, 0, 1, 1279, 1023, 90, 212.176540
orig:1, 0, 1, 1279, 1023, 100, 432.773667
inc:1, 0, 1, 1279, 1023, 100, 220.997045
orig:1, 0, 1, 1279, 1023, 110, 436.143995
inc:1, 0, 1, 1279, 1023, 110, 222.453820
orig:1, 0, 1, 1279, 1023, 120, 430.452456
inc:1, 0, 1, 1279, 1023, 120, 221.273771
