name, fvc, invalidation_parameter, nodecount, diffsz, threshold, rate
orig:1, 0, 1, 20479, 16383, 1638, 0.845329
inc:1, 0, 1, 20479, 16383, 1638, 0.911282
orig:1, 0, 1, 20479, 16383, 3458, 0.948786
inc:1, 0, 1, 20479, 16383, 3458, 0.909289
orig:1, 0, 1, 20479, 16383, 5278, 0.958822
inc:1, 0, 1, 20479, 16383, 5278, 0.870410
orig:1, 0, 1, 20479, 16383, 7098, 0.916991
inc:1, 0, 1, 20479, 16383, 7098, 0.865860
orig:1, 0, 1, 20479, 16383, 8918, 0.909965
inc:1, 0, 1, 20479, 16383, 8918, 0.868909
orig:1, 0, 1, 20479, 16383, 10738, 0.915361
inc:1, 0, 1, 20479, 16383, 10738, 0.868611
orig:1, 0, 1, 20479, 16383, 12558, 0.915136
inc:1, 0, 1, 20479, 16383, 12558, 0.870651
orig:1, 0, 1, 20479, 16383, 14378, 0.917160
inc:1, 0, 1, 20479, 16383, 14378, 0.866536
orig:1, 0, 1, 20479, 16383, 16198, 0.914868
inc:1, 0, 1, 20479, 16383, 16198, 0.866689
orig:1, 0, 1, 20479, 16383, 16383, 0.894858
inc:1, 0, 1, 20479, 16383, 16383, 0.864305
orig:1366, 0, 1366, 20479, 12290, 1638, 0.872402
inc:1366, 0, 1366, 20479, 12290, 1638, 0.864064
orig:1366, 0, 1366, 20479, 12290, 3458, 0.862722
inc:1366, 0, 1366, 20479, 12290, 3458, 0.861903
orig:1366, 0, 1366, 20479, 12290, 5278, 0.867004
inc:1366, 0, 1366, 20479, 12290, 5278, 0.864005
orig:1366, 0, 1366, 20479, 12290, 7098, 0.866055
inc:1366, 0, 1366, 20479, 12290, 7098, 0.864309
orig:1366, 0, 1366, 20479, 12290, 8918, 0.864593
inc:1366, 0, 1366, 20479, 12290, 8918, 0.860372
orig:1366, 0, 1366, 20479, 12290, 10738, 0.864113
inc:1366, 0, 1366, 20479, 12290, 10738, 0.864975
orig:1366, 0, 1366, 20479, 12290, 12558, 0.868597
inc:1366, 0, 1366, 20479, 12290, 12558, 0.866323
orig:1366, 0, 1366, 20479, 12290, 14378, 0.868261
inc:1366, 0, 1366, 20479, 12290, 14378, 0.866212
orig:1366, 0, 1366, 20479, 12290, 16198, 0.867287
inc:1366, 0, 1366, 20479, 12290, 16198, 0.862232
orig:1366, 0, 1366, 20479, 12290, 16383, 0.869156
inc:1366, 0, 1366, 20479, 12290, 16383, 0.865356
orig:2731, 0, 2731, 20479, 8195, 1638, 0.872892
inc:2731, 0, 2731, 20479, 8195, 1638, 0.843284
orig:2731, 0, 2731, 20479, 8195, 3458, 0.873780
inc:2731, 0, 2731, 20479, 8195, 3458, 0.844336
orig:2731, 0, 2731, 20479, 8195, 5278, 0.872008
inc:2731, 0, 2731, 20479, 8195, 5278, 0.846921
orig:2731, 0, 2731, 20479, 8195, 7098, 0.876314
inc:2731, 0, 2731, 20479, 8195, 7098, 0.783974
orig:2731, 0, 2731, 20479, 8195, 8918, 0.705108
inc:2731, 0, 2731, 20479, 8195, 8918, 0.818914
orig:2731, 0, 2731, 20479, 8195, 10738, 0.816343
inc:2731, 0, 2731, 20479, 8195, 10738, 0.801547
orig:2731, 0, 2731, 20479, 8195, 12558, 0.761793
inc:2731, 0, 2731, 20479, 8195, 12558, 0.807416
orig:2731, 0, 2731, 20479, 8195, 14378, 0.840697
inc:2731, 0, 2731, 20479, 8195, 14378, 0.762421
orig:2731, 0, 2731, 20479, 8195, 16198, 0.776516
inc:2731, 0, 2731, 20479, 8195, 16198, 0.774688
orig:2731, 0, 2731, 20479, 8195, 16383, 0.867878
inc:2731, 0, 2731, 20479, 8195, 16383, 0.796027
orig:4096, 0, 4096, 20479, 4100, 1638, 0.824870
inc:4096, 0, 4096, 20479, 4100, 1638, 0.843953
orig:4096, 0, 4096, 20479, 4100, 3458, 0.858510
inc:4096, 0, 4096, 20479, 4100, 3458, 0.895698
orig:4096, 0, 4096, 20479, 4100, 5278, 0.744933
inc:4096, 0, 4096, 20479, 4100, 5278, 0.860167
orig:4096, 0, 4096, 20479, 4100, 7098, 0.857484
inc:4096, 0, 4096, 20479, 4100, 7098, 0.774185
orig:4096, 0, 4096, 20479, 4100, 8918, 0.785224
inc:4096, 0, 4096, 20479, 4100, 8918, 0.809233
orig:4096, 0, 4096, 20479, 4100, 10738, 0.818429
inc:4096, 0, 4096, 20479, 4100, 10738, 0.791978
orig:4096, 0, 4096, 20479, 4100, 12558, 0.764352
inc:4096, 0, 4096, 20479, 4100, 12558, 0.810180
orig:4096, 0, 4096, 20479, 4100, 14378, 0.855973
inc:4096, 0, 4096, 20479, 4100, 14378, 0.670608
orig:4096, 0, 4096, 20479, 4100, 16198, 0.769618
inc:4096, 0, 4096, 20479, 4100, 16198, 0.816188
orig:4096, 0, 4096, 20479, 4100, 16383, 0.752644
inc:4096, 0, 4096, 20479, 4100, 16383, 0.899486
